"Lon" "Lat" "newFPU"
-0.875 7.3125 1001
-9.35714285714286 10.0714285714286 1002
-8.92857142857143 6.64285714285714 1003
-11.5 8.78571428571429 1004
-93.2058823529412 17.8529411764706 1005
-98.9 22.3 1006
-12.1666666666667 10.8333333333333 1007
-155.5 19.5 1008
-4.38235294117647 8.02941176470588 1009
-45.45 -3.5 1010
-42.3787878787879 -18.9848484848485 1011
-52.4887640449438 -19.5 1012
-50.2083333333333 -9.75 1013
-47.5 -0.5 1014
-60.0968253968254 -5.08412698412698 1015
-6.72222222222222 7.05555555555556 1016
-57.2948717948718 4.98717948717949 1017
-58.4285714285714 -21.7857142857143 1018
-58.5 -25.5 1019
-64.2358490566038 -14.7264150943396 1020
-59.5 8.5 1021
-65.6 6.36 1022
-77 18.5 1023
-70.6071428571429 4.14285714285714 1024
-71.6666666666667 19.1666666666667 1025
-72.5 0.18 1026
-73.75 -6.61666666666667 1027
-7.5 10.5 1028
-75.14 6.62 1029
-76.8333333333333 -1.16666666666667 1030
-80 22.5 1031
-84.7142857142857 12.7142857142857 1032
-79.2142857142857 -0.785714285714286 1033
-80.9 26.7 1034
98.5 4.5 1035
-89.5 17 1036
-9.5 8.5 1037
1.5 8.5 1038
12 -0.545454545454545 1039
11 1.5 1040
12.5967741935484 4.91935483870968 1041
11.5 8 1042
102.328571428571 -0.785714285714286 1043
101.558823529412 16.6176470588235 1044
100.5 20.5 1045
101 21.5 1046
102.5 4 1047
99.5 9.5 1048
105.5 14.22 1049
107.75 12.25 1050
110.409090909091 -7.13636363636364 1051
114.277777777778 -0.211111111111111 1052
110 19.5 1053
115.342105263158 4.02631578947368 1054
114.5 4.5 1055
124.863636363636 8.13636363636364 1056
138.909090909091 -4.31818181818182 1057
13.5 -3.5 1058
15.4545454545455 -10.2727272727273 1059
23.2469135802469 -2.33333333333333 1060
13.5 8.5 1061
16.1111111111111 -0.166666666666667 1062
143.568965517241 -5.91379310344828 1063
145.5 -16.5 1064
19.3888888888889 -9.35185185185185 1065
15.5 4.5 1066
19 7.5 1067
15.5 8.5 1068
21.5909090909091 5.71212121212121 1069
160.5 -9.5 1070
22.8333333333333 -11.8333333333333 1071
2.5 8.5 1072
30.5 -10.25 1073
28.7631578947368 5.86842105263158 1074
28.2692307692308 -8.65384615384615 1075
28.75 -5.75 1076
30 -1.5 1077
30 -3 1078
7.16666666666667 6.66666666666667 1079
5 8.5 1080
31 -0.5 1081
37.5625 -7.4375 1082
31.9444444444444 1.72222222222222 1083
32.5 -27.5 1084
32 -6.5 1085
32.5 -26 1086
34.1 -19.3 1087
34.5 -11.5 1088
34 1 1089
34.5 -0.5 1090
35.7142857142857 9.21428571428571 1091
35.5 -10.5 1092
37.2142857142857 -16.5 1093
37.5 6.7 1094
48.4 -16.65 1095
77 10.5 1096
75.5 13.5 1097
76.5 12.5 1098
81.1 7.3 1099
82.5 18.5 1100
83.5 18.5 1101
86 21.5 1102
87.1666666666667 22.8333333333333 1103
87.3 25.1 1104
90 23 1105
91.25 24.125 1106
93 26.5 1107
92.5 21.5 1108
96.1428571428571 20.3928571428571 1109
-1.5 42.5 2001
1.07142857142857 46.2142857142857 2002
-0.5 49.5 2003
-1.70833333333333 52.9583333333333 2004
-5.78571428571429 42.8571428571429 2005
-92.3 38.1 2006
-99.5 19.5 2007
-106.5 25.5 2008
-122.7 44.7 2009
-123.333333333333 46.6666666666667 2010
142.5 46 2011
-49.3 -27.1 2012
-51.7 -24.8 2013
-7.57692307692308 53.6538461538462 2014
-52.8333333333333 -28.9074074074074 2015
-58.1923076923077 -30.8846153846154 2016
-55.6176470588235 -32.5 2017
-56.5 -26.5 2018
-60.0909090909091 -36.8636363636364 2019
-64.2692307692308 45.8076923076923 2020
-65.5 -17.5 2021
-74.5204081632653 41.3367346938776 2022
-70.5 -44 2023
-70.5 -41.5 2024
-72.5 -39.7727272727273 2025
-77.5 0.5 2026
-84.6428571428571 44.4285714285714 2027
-83.2741935483871 33.0806451612903 2028
-79 44.375 2029
-78.5 -0.5 2030
-84.075 37.825 2031
-90.2857142857143 44.9285714285714 2032
-91.5 15.5 2033
-93.5 34.1923076923077 2034
-94.3333333333333 31.1666666666667 2035
-97.5 19.5 2036
3.25 49.1666666666667 2037
9.5 45.0714285714286 2038
10.5 48.5 2039
8.96666666666667 50.1666666666667 2040
10.3 52.55 2041
10.6111111111111 55.9444444444444 2042
11 59.5 2043
104.5 23.5 2044
103.5 19.5 2045
106.722222222222 27.9444444444444 2046
106 35.5 2047
104.9 25.7 2048
111 34.5 2049
110.5 27 2050
119.1875 30.4375 2051
117.75 25.75 2052
119.333333333333 34.1666666666667 2053
118.5 40.5 2054
116.5 -34.5 2055
13.7857142857143 53.0714285714286 2056
15.2894736842105 58.4473684210526 2057
120.5 23.5 2058
123.3 40.5 2059
126 38.5 2060
128.4 36.8 2061
15.3333333333333 48.1666666666667 2062
20.4189189189189 47.9054054054054 2063
140.115384615385 37.8076923076923 2064
18.7857142857143 44.1428571428571 2065
142.5 44 2066
151.7 -32.2 2067
146.5 -37 2068
146.833333333333 -41.6111111111111 2069
19.9571428571429 51.9571428571429 2070
153.5 -28 2071
16.5 54.5 2072
176 -38.625 2073
19.5 54.5 2074
21.5 54.75 2075
25.6428571428571 56.3857142857143 2076
25.1153846153846 61.2692307692308 2077
30.84375 50.375 2078
28.9375 53.125 2079
28.6111111111111 58.0555555555556 2080
29.5 -30.6666666666667 2081
29.5 -29.5 2082
35.8333333333333 56.2647058823529 2083
33.5 60 2084
4.83333333333333 50.8333333333333 2085
34.1428571428571 53.9285714285714 2086
33 41.5 2087
34.5 -9.5 2088
34.5 41.5 2089
36 -0.5 2090
36.5 50.5 2091
38 40.5 2092
39.6428571428571 52.2142857142857 2093
39.5 7 2094
38.5 9.5 2095
5.64285714285714 46.0714285714286 2096
43.8333333333333 41.3333333333333 2097
47.5 -20 2098
6 52.5 2099
7 48.5 2100
8.5 47.5 2101
77.5 43.5 2102
92.5 25.5 2103
97.5 26.5 2104
98.5 24.5 2105
-104.833333333333 37.3333333333333 3001
-104.62 47.7 3002
-96.0384615384615 47.1153846153846 3003
-103.910256410256 51.8675213675214 3004
-77.6916167664671 50.6916167664671 3005
-115.224550898204 57.6137724550898 3006
-106.25 36.25 3007
-108.413043478261 40.1521739130435 3008
-116.338709677419 43.7258064516129 3009
-115.366666666667 39.7666666666667 3010
-119 50 3011
-120.666666666667 42.5 3012
-154.770833333333 62.0208333333333 3013
105.166666666667 54.2333333333333 3014
-4.66666666666667 57.1666666666667 3015
-66.5 -24.5 3016
-66.5 -26.5 3017
142 53.5 3018
-68.5 -16.5 3019
-69.7857142857143 -52.9285714285714 3020
-69 46.5 3021
-71.7222222222222 -49.7222222222222 3022
-71.5 -14.5 3023
-73.5 -14.5 3024
-89.7352941176471 49.6764705882353 3025
-93.8333333333333 46.6666666666667 3026
-92.1666666666667 47.8333333333333 3027
11 47.5 3028
9.34848484848485 61.7121212121212 3029
100.5 29.5 3030
101.875 35.875 3031
103.2 49.5 3032
94.2425742574257 58.2128712871287 3033
110.5 48.5 3034
103 37.5 3035
109.2 51.3 3036
129.684397163121 50.8049645390071 3037
116.3 41.5 3038
124.416666666667 46.25 3039
130.75 46.125 3040
17.3048780487805 63.5731707317073 3041
129.166666666667 41.8333333333333 3042
144.5 43.5 3043
168.5 -45.5 3044
26.9444444444444 64.2777777777778 3045
44.5833333333333 63.1217948717949 3046
36.25 39.25 3047
49.6298701298701 56.6298701298701 3048
44.5 52.5 3049
46.5 35.5 3050
47.6818181818182 36.5 3051
49.5 50.5 3052
59.578431372549 49.7352941176471 3053
58.0333333333333 52.1666666666667 3054
58.5 37.5 3055
75.3453608247423 57.3419243986254 3056
80.7121212121212 50.1363636363636 3057
64.6666666666667 34.6666666666667 3058
67.1666666666667 47.8333333333333 3059
69.5 34 3060
72.9102564102564 49.525641025641 3061
70.5 40.5 3062
76.1666666666667 42.1666666666667 3063
74.8333333333333 41.8333333333333 3064
79.5 31.5 3065
81 45.625 3066
81.5 44 3067
87 48.5 3068
91.5 28.5 3069
-1.1 10.3 4001
-3.83333333333333 11.6666666666667 4002
-4.5 39.1857142857143 4003
0 41.1666666666667 4004
-102.5 22.2272727272727 4005
-100.2 27 4006
-99.2 28.7 4007
-98.625 32 4008
-97.90625 36.21875 4009
-101.367647058824 43.6029411764706 4010
-108.5 28.6666666666667 4011
-110.75 34.75 4012
-11.5 11.5 4013
-113 41.5 4014
-113.5 50.5 4015
-121.944444444444 38.8333333333333 4016
-119.5 46.5 4017
-12.5 12.5 4018
-14.5 12.9 4019
-16.5 13.5 4020
-5 34.5 4021
-41.7558139534884 -6.2906976744186 4022
-42.877358490566 -13.2547169811321 4023
-97.5 24 4024
-6.21428571428571 12.0714285714286 4025
-47.6538461538462 -12.8846153846154 4026
-53 -19.5 4027
-5.5 10.5 4028
-61.1666666666667 -22.1666666666667 4029
-57.5 -33.5 4030
-62.3484848484849 -25.7727272727273 4031
-6.5 10.5 4032
-64.5 -32.4032258064516 4033
-62.75 -20.25 4034
-68.6 -36.9 4035
-65.9166666666667 9.08333333333333 4036
-68.5322580645161 -45.5967741935484 4037
-65.5 18.5 4038
-71.5 -35 4039
-71.5 18.5 4040
-75.5 8.5 4041
-74.5 20.5 4042
-76.5 21.5 4043
-9 11.5 4044
-80.5 -1.5 4045
-81.5 43.5 4046
-84.5 41.5 4047
-86.5 39.8 4048
-86.6666666666667 12.8333333333333 4049
-95 16.5 4050
-90.9761904761905 41.4523809523809 4051
-94 44.5 4052
0.5 53.5 4053
1.5 11 4054
4.5 36.5 4055
1.5 6.5 4056
9.5 8.66666666666667 4057
10 36.5 4058
103.5 23.5 4059
107.7 36.5 4060
110.558823529412 36.9117647058824 4061
15.5 41.5 4062
110.5 21.5 4063
115.5 38.7666666666667 4064
115.5 34.3571428571429 4065
120.055555555556 -33.2777777777778 4066
118 -8.5 4067
119.75 42.75 4068
122.5 37.5 4069
130.71875 -14.21875 4070
16.4583333333333 -15.0416666666667 4071
13.5 11 4072
14.25 9.5 4073
15.5 10.5 4074
147.54 -33.9 4075
141 -37 4076
152 -25.5 4077
18.5 10.625 4078
15.5 9.5 4079
17.5 -19.5 4080
19.6666666666667 12.6666666666667 4081
18.5 52.25 4082
176.5 -40.5 4083
20.8333333333333 -14.8333333333333 4084
18.5 -19.5 4085
27 -32.6666666666667 4086
26.5 44.375 4087
22.8333333333333 39.6111111111111 4088
3 11 4089
22 -21.5 4090
21.5 32.5 4091
22.1666666666667 9.83333333333333 4092
27.5212765957447 -14.1595744680851 4093
31.4772727272727 9.06818181818182 4094
30.1666666666667 10.3333333333333 4095
23.5 10 4096
24 55.5 4097
25.8333333333333 50 4098
26.5 -22.5 4099
28.0454545454545 -27.3181818181818 4100
29.6875 38.625 4101
29.5 -18.0833333333333 4102
29.25 -24.75 4103
27.8333333333333 -12.1666666666667 4104
27.5 -20.5 4105
28 -29.5 4106
27.5 41.5 4107
29.5 45.5 4108
6.5 6.5 4109
31.6428571428571 -19.5 4110
33.5666666666667 -16.0333333333333 4111
31.5 -26.5 4112
32.8333333333333 -7.66666666666667 4113
35.22 -4.74 4114
34.3888888888889 -23.3888888888889 4115
42.3 38.5 4116
34 -13.5 4117
33.5 3.5 4118
34.5 2.5 4119
38.5416666666667 -13.125 4120
37.9545454545455 -1.40909090909091 4121
35.5 33.5 4122
38 -10.5 4123
38.1428571428571 12.7857142857143 4124
36.5 35.5 4125
37.1666666666667 49.8333333333333 4126
37.5 51.5 4127
38.5 15.5 4128
40.2333333333333 6.36666666666667 4129
42.2692307692308 46.4615384615385 4130
6.4 9.8 4131
4.5 15.5 4132
46.6111111111111 47.6111111111111 4133
42.5 0.5 4134
45.9444444444444 -21.6111111111111 4135
45 36.5 4136
49 37.5 4137
48.1 40.3 4138
49.0555555555556 48.6111111111111 4139
50.5 37.5 4140
53.1363636363636 48.2272727272727 4141
67.3 38.9 4142
68 40.5 4143
68.9 42.9 4144
68.5 33.5 4145
71.6 44 4146
70.7857142857143 23.5 4147
69.5 37.5 4148
71.7 22.3 4149
72.7727272727273 33.0454545454545 4150
72.5 40.5 4151
78.8333333333333 10.1666666666667 4152
75.85 21.95 4153
77.22 16.26 4154
79.2692307692308 19.5769230769231 4155
77.8888888888889 24.5555555555556 4156
78.5 44 4157
77.75 12.25 4158
81.02 26.82 4159
79.3333333333333 12.8333333333333 4160
80.5 9 4161
82.9615384615385 21.8846153846154 4162
82.5 17.5 4163
85.1666666666667 24.8333333333333 4164
86.5 23.5 4165
88.5 44.5 4166
9.5 37.5 4167
95.5 21.5 4168
-11.5 16.5 5001
-101 19.5 5002
-104.5 43 5003
-111.166666666667 29.8333333333333 5004
-105.5 29.5 5005
-111.5 32.5 5006
-117.166666666667 46.8333333333333 5007
-122 41.5 5008
-15.5 15.5 5009
-15.5 14.5 5010
-8.16666666666667 40.1666666666667 5011
-65.5 -21.5 5012
-60.1666666666667 -28.8333333333333 5013
-62.5 -30.5 5014
-67.5 -19.5 5015
-69.5 -31 5016
-70 -50.5 5017
-7.83333333333333 32.8333333333333 5018
-71.5 -30.5 5019
-73.5 -15.5 5020
-80.5 28.5 5021
-9.5 16.5 5022
-91.5 30.5 5023
-94.5 33.5 5024
-95.8333333333333 31.8333333333333 5025
-97.5 17.5 5026
100.5 22.5 5027
105.6 29.9 5028
109.166666666667 23.6666666666667 5029
106.5 22 5030
112.346153846154 27.1153846153846 5031
112.833333333333 35.1666666666667 5032
115.181818181818 28.3636363636364 5033
114.681818181818 23.8636363636364 5034
117 -29.5 5035
117.5 34.5 5036
117.5 39.5 5037
131.944444444444 -22.4444444444444 5038
9.5 40.5 5039
14.5 -18.5 5040
17.5 -22.5 5041
14.5 32.5 5042
16 15.5 5043
152.5 -28.5 5044
158.5 52.5 5045
17.5 -14.5 5046
18.5 -21 5047
18.5 -24.5 5048
24.6666666666667 -24.1666666666667 5049
22.1666666666667 15.8333333333333 5050
21.5 40 5051
23.5 -26.5 5052
24 15.5 5053
24.75 41.75 5054
26.75 -21.75 5055
28 -23.5 5056
28.5 -21.5 5057
30.0714285714286 40.2142857142857 5058
28.5 41.5 5059
29.5 41.5 5060
29.5 46.5 5061
3.5 16.5 5062
30.5 -27.5 5063
35.2272727272727 47.5909090909091 5064
36 40.5 5065
37.5 45.5 5066
42.5909090909091 49.1363636363636 5067
39.1666666666667 49.1666666666667 5068
39.5 10.5 5069
40 39.5 5070
44.5 14.5 5071
45.5 33.5 5072
45.9 50.7 5073
47.5 -18.5 5074
46.5 33.5 5075
49.5 24.5 5076
52.1666666666667 30.1666666666667 5077
56 39.5 5078
64 48 5079
57.5 44.5 5080
9 15.5 5081
67.5 32.25 5082
65.3181818181818 45.3181818181818 5083
64 44.5 5084
64.5 43.5 5085
65.5 37.5 5086
67.5 52.5 5087
69.7 24.9 5088
67.5 36.5 5089
70.1 45.9 5090
71.9444444444444 30.9444444444444 5091
70.5 32.5 5092
71.5 25.5 5093
72.5 41.5 5094
73.5 18.5 5095
74.6428571428571 28.9285714285714 5096
74.5 38.5 5097
75.5 27.5 5098
75.5 45.5 5099
76.5 28.5 5100
8.5 36.5 5101
81 28.5 5102
84.5 27.5 5103
87.5 45.5 5104
97.8333333333333 23.6666666666667 5105
95.5 27.5 5106
0 13.5 6001
-1.5 15.9166666666667 6002
-2.5 31.25 6003
3.41666666666667 34.5833333333333 6004
-2.1 12.7 6005
-4.83333333333333 31.8333333333333 6006
-7.6875 30.3125 6007
-1.5 37.5 6008
-8.97368421052632 14.3947368421053 6009
-14.5 16.5 6010
-102.5 25.0714285714286 6011
-101.833333333333 32.8333333333333 6012
-104.666666666667 28.3333333333333 6013
-104.236842105263 32.1842105263158 6014
-102.5 36.3 6015
-104.5 30.5 6016
-108.5 30.7727272727273 6017
-112.6 34.3 6018
-108.5 44.5 6019
-12.5 14 6020
-7.5 17 6021
-117.8 38.7 6022
-118.038461538462 35.1923076923077 6023
-115.5 51.5 6024
-13.5 20 6025
-13.8333333333333 11.1666666666667 6026
-14.5 14 6027
-71.5 12.5 6028
-3 14.5 6029
-37.5 -4.5 6030
-39.8333333333333 -10.1666666666667 6031
-65.5 -20.5 6032
-66 -22.5 6033
-67.5 -38.5 6034
-65.75 -40.5 6035
-70 11.5 6036
-66.9 -18.9 6037
-66.9444444444444 -29.2777777777778 6038
-69.5 -18.5 6039
-75.1666666666667 -14.1666666666667 6040
-75.5 -12.5 6041
-80.5 -3.5 6042
-94.5 43 6043
-97.5 48.5 6044
5.64285714285714 14.5357142857143 6045
9.64285714285714 11.2142857142857 6046
12.3333333333333 15.1666666666667 6047
13.9615384615385 31.6538461538462 6048
9.83333333333333 34.0555555555556 6049
115.166666666667 42.8333333333333 6050
112.088235294118 47.6764705882353 6051
104.5 48 6052
106.966666666667 38.7666666666667 6053
117.706896551724 -28.6034482758621 6054
115.5 -21.5 6055
117.5 48.5 6056
117.833333333333 45.8333333333333 6057
117.5 49.5 6058
17.375 -17.375 6059
16.5 -18.75 6060
15.3 -21.1 6061
13.5 13 6062
134.491379310345 -19.2068965517241 6063
145.8 -30.9333333333333 6064
14.5 11.5 6065
16.0714285714286 14.5 6066
147.9 -22.86 6067
15.5 30 6068
17.5 -24.5 6069
22.0652173913043 -32.0217391304348 6070
20.1 14.3 6071
19.7 -18.9 6072
24.3571428571429 -29.0238095238095 6073
22 -17.5 6074
22.2142857142857 -19.3571428571429 6075
24.3333333333333 -19.5 6076
23.5 -27.5 6077
27.1428571428571 14.0357142857143 6078
30.5 -14.5 6079
33.6764705882353 14.6764705882353 6080
26 -20 6081
27.5 31 6082
27.8333333333333 -18.8333333333333 6083
30.3 -22.7 6084
30 -21.5 6085
31 31.5 6086
31.8333333333333 -21.1666666666667 6087
32.8333333333333 -22.8333333333333 6088
33.5 -21.5 6089
33.5 35.5 6090
34.5 3.5 6091
34.5 31.5 6092
38.5555555555556 1.11111111111111 6093
35.5 30.5 6094
35.5 31.5 6095
51.5 25.5 6096
36.5 33.5 6097
42.9 7.6 6098
37.8333333333333 16.1666666666667 6099
46.2297297297297 25.6351351351351 6100
38.25 35.75 6101
40.5 37.5 6102
5.8 12.3 6103
40.9 13.3 6104
43.8636363636364 2.77272727272727 6105
42.5 11.5 6106
43.7307692307692 34.8846153846154 6107
44.5 14.9545454545455 6108
44 32 6109
44.5 -22 6110
58.4090909090909 27.7272727272727 6111
46.5 44.5 6112
48.5 28.5 6113
47.5 45.5 6114
49 31.5 6115
49.5 39.5 6116
54.0333333333333 44.3 6117
51.5 47.5 6118
55.1666666666667 23.8333333333333 6119
57.5 23.3333333333333 6120
56 38.5 6121
54.5 40.5 6122
56.5 43.5 6123
63.9444444444444 31.7777777777778 6124
64.7857142857143 27.1428571428571 6125
66.8333333333333 53.1666666666667 6126
70.5 34.5 6127
68.9117647058823 27.8529411764706 6128
68.5 37.5 6129
68.5 41.5 6130
72.5 46 6131
8 17.5 6132
70.8333333333333 27.1666666666667 6133
74.5 26.5 6134
72 29.5 6135
71.5 40.5 6136
74.5 44.5 6137
76.5 26.5 6138
86.0714285714286 45.6428571428571 6139
83.5 29.5 6140
80.5 26.5 6141
80.5 32.5 6142
89 28.5 6143
88.8333333333333 46.8333333333333 6144
87.5 28.5 6145
89 50.5 6146
90.5 50.5 6147
-128.5 58.5 7001
-145 62.5 7002
160.166666666667 54.8333333333333 7003
16.3 68.1 7004
68.5 54.5 7005
-143 61.5 8001
-68.5 -26.5 8002
116.5 -28.5 8003
128.5 -16.5 8004
